0 0 1 19 2
0 0 3 19 1
0 0 4 19 1
0 0 7 19 2
0 0 19 19 1
0 1 0 19 1
0 1 1 19 2
0 1 2 19 6
0 1 3 19 2
0 1 4 19 3
0 1 5 19 4
0 1 8 19 4
0 1 9 5 -1
0 1 9 6 -1
0 1 9 19 2
0 1 10 2 -1
0 1 10 5 1
0 1 10 19 2
0 1 11 2 1
0 1 11 3 -1
0 1 11 6 1
0 1 11 19 1
0 1 12 3 1
0 1 12 7 -1
0 1 12 8 -1
0 1 12 19 2
0 1 13 6 -2
0 1 13 7 1
0 1 13 8 1
0 1 19 6 2
0 2 0 19 5
0 2 1 19 13
0 2 2 19 13
0 2 3 19 21
0 2 4 2 -1
0 2 4 19 11
0 2 5 19 10
0 2 6 19 15
0 2 7 2 -1
0 2 7 3 -2
0 2 7 19 11
0 2 8 3 1
0 2 8 19 2
0 2 9 2 -1
0 2 9 3 1
0 2 9 19 7
0 2 10 2 1
0 2 10 3 -2
0 2 10 5 -1
0 2 10 6 -1
0 2 10 7 -1
0 2 10 19 6
0 2 11 2 -1
0 2 11 5 -1
0 2 11 6 -1
0 2 11 19 7
0 2 12 3 -1
0 2 12 4 -1
0 2 12 6 -1
0 2 12 7 1
0 2 12 19 3
0 2 13 3 1
0 2 13 5 -1
0 2 13 6 1
0 2 14 5 -1
0 2 14 6 1
0 2 15 4 -1
0 2 15 5 1
0 2 18 2 1
0 2 19 2 2
0 2 19 3 2
0 2 19 4 2
0 2 19 5 3
0 2 19 6 1
0 3 0 19 12
0 3 1 19 13
0 3 2 19 14
0 3 3 19 28
0 3 4 19 24
0 3 5 3 -3
0 3 5 19 32
0 3 6 3 -1
0 3 6 19 25
0 3 7 3 -2
0 3 7 19 24
0 3 8 3 -2
0 3 8 4 -1
0 3 8 6 -1
0 3 8 19 22
0 3 9 3 5
0 3 9 4 -3
0 3 9 5 -1
0 3 9 6 1
0 3 9 19 18
0 3 10 5 1
0 3 10 19 7
0 3 11 3 -3
0 3 11 4 1
0 3 11 5 -2
0 3 11 7 -2
0 3 11 19 9
0 3 12 3 2
0 3 12 4 1
0 3 12 5 1
0 3 12 6 -1
0 3 12 19 1
0 3 13 3 1
0 3 13 4 1
0 3 13 6 -2
0 3 13 7 2
0 3 14 3 1
0 3 14 4 1
0 3 14 5 -1
0 3 14 6 1
0 3 16 3 1
0 3 19 3 1
0 3 19 5 2
0 3 19 6 2
0 4 0 19 16
0 4 1 19 22
0 4 2 19 21
0 4 3 19 40
0 4 4 19 48
0 4 5 4 -1
0 4 5 19 49
0 4 6 4 -3
0 4 6 19 43
0 4 7 4 -2
0 4 7 19 29
0 4 8 4 -6
0 4 8 19 33
0 4 9 4 1
0 4 9 5 -1
0 4 9 6 -1
0 4 9 19 20
0 4 10 4 1
0 4 10 6 1
0 4 10 7 -1
0 4 10 19 11
0 4 11 4 2
0 4 11 6 -1
0 4 11 7 -2
0 4 11 8 -1
0 4 11 19 13
0 4 12 5 1
0 4 12 6 -1
0 4 12 7 -2
0 4 12 8 1
0 4 12 10 -1
0 4 12 19 7
0 4 13 4 1
0 4 13 5 -1
0 4 13 7 2
0 4 13 10 1
0 4 13 19 2
0 4 14 4 2
0 4 14 5 -1
0 4 14 7 1
0 4 15 5 1
0 4 16 6 1
0 4 17 5 1
0 4 18 6 -1
0 4 18 7 1
0 4 19 4 5
0 4 19 6 2
0 4 19 7 1
0 5 0 19 16
0 5 1 19 37
0 5 2 19 54
0 5 3 19 56
0 5 4 5 -3
0 5 4 19 65
0 5 5 5 2
0 5 5 19 58
0 5 6 5 -4
0 5 6 7 -1
0 5 6 19 75
0 5 7 5 1
0 5 7 6 -1
0 5 7 7 1
0 5 7 19 52
0 5 8 5 -2
0 5 8 6 1
0 5 8 19 47
0 5 9 5 -3
0 5 9 6 -1
0 5 9 7 -1
0 5 9 19 42
0 5 10 5 -4
0 5 10 6 -2
0 5 10 7 -1
0 5 10 9 -1
0 5 10 19 30
0 5 11 5 2
0 5 11 6 -4
0 5 11 7 -3
0 5 11 8 -1
0 5 11 10 -1
0 5 11 19 30
0 5 12 5 2
0 5 12 6 -2
0 5 12 7 1
0 5 12 19 12
0 5 13 6 1
0 5 13 7 2
0 5 13 8 -1
0 5 13 9 1
0 5 13 10 1
0 5 13 19 2
0 5 14 5 3
0 5 14 6 1
0 5 14 7 -1
0 5 14 8 2
0 5 15 5 1
0 5 16 5 -3
0 5 16 6 4
0 5 17 5 1
0 5 17 6 -2
0 5 17 7 2
0 5 19 5 7
0 5 19 6 5
0 5 19 7 1
0 6 0 19 18
0 6 1 19 47
0 6 2 19 58
0 6 3 6 -1
0 6 3 19 64
0 6 4 6 -1
0 6 4 19 90
0 6 5 6 2
0 6 5 19 71
0 6 6 6 -2
0 6 6 19 66
0 6 7 6 -11
0 6 7 19 95
0 6 8 6 -3
0 6 8 19 63
0 6 9 7 -1
0 6 9 19 66
0 6 10 6 -2
0 6 10 7 -4
0 6 10 8 -1
0 6 10 19 46
0 6 11 7 -3
0 6 11 9 -1
0 6 11 19 35
0 6 12 6 3
0 6 12 7 1
0 6 12 8 -1
0 6 12 19 15
0 6 13 6 1
0 6 13 7 3
0 6 13 8 2
0 6 13 9 1
0 6 13 19 5
0 6 14 6 1
0 6 14 7 1
0 6 15 6 2
0 6 15 7 1
0 6 16 6 4
0 6 17 6 2
0 6 17 7 1
0 6 18 6 1
0 6 19 6 4
0 6 19 7 1
0 7 0 19 20
0 7 1 19 49
0 7 2 19 78
0 7 3 19 70
0 7 4 7 -1
0 7 4 19 89
0 7 5 7 -2
0 7 5 19 87
0 7 6 7 -2
0 7 6 19 85
0 7 7 7 2
0 7 7 19 88
0 7 8 7 -7
0 7 8 19 103
0 7 9 7 -5
0 7 9 19 80
0 7 10 7 -8
0 7 10 8 -1
0 7 10 19 63
0 7 11 7 6
0 7 11 8 -2
0 7 11 19 53
0 7 12 7 6
0 7 12 8 -1
0 7 12 9 -3
0 7 12 19 33
0 7 13 7 -2
0 7 13 8 2
0 7 13 9 2
0 7 13 19 9
0 7 14 7 7
0 7 14 8 2
0 7 14 9 1
0 7 14 19 1
0 7 15 7 2
0 7 15 19 2
0 7 16 19 1
0 7 18 7 1
0 7 19 7 3
0 8 0 19 14
0 8 1 19 26
0 8 2 19 38
0 8 3 19 43
0 8 4 19 75
0 8 5 8 -1
0 8 5 19 74
0 8 6 8 -1
0 8 6 19 67
0 8 7 8 -6
0 8 7 19 69
0 8 8 8 -2
0 8 8 9 -1
0 8 8 19 76
0 8 9 8 1
0 8 9 9 -1
0 8 9 19 62
0 8 10 8 2
0 8 10 19 45
0 8 11 8 2
0 8 11 10 -1
0 8 11 19 35
0 8 12 8 -1
0 8 12 9 1
0 8 12 19 29
0 8 13 8 3
0 8 13 10 1
0 8 13 19 13
0 8 14 9 1
0 8 14 19 4
0 8 15 9 -1
0 8 15 19 2
0 8 17 8 1
0 8 17 9 1
0 8 18 8 1
0 8 19 8 1
0 9 0 19 5
0 9 1 19 15
0 9 2 19 21
0 9 3 19 20
0 9 4 19 31
0 9 5 19 20
0 9 6 19 27
0 9 7 9 -1
0 9 7 19 32
0 9 8 9 -1
0 9 8 19 36
0 9 9 9 -4
0 9 9 19 33
0 9 10 9 -4
0 9 10 10 -1
0 9 10 19 30
0 9 11 9 -1
0 9 11 10 -1
0 9 11 12 -1
0 9 11 19 26
0 9 12 9 3
0 9 12 10 1
0 9 12 19 15
0 9 13 9 3
0 9 13 12 1
0 9 13 19 5
0 9 14 9 2
0 9 14 10 1
0 9 14 19 5
0 9 15 9 2
0 9 15 19 1
0 9 16 19 2
0 9 17 9 1
0 9 19 19 1
0 10 0 19 9
0 10 1 19 4
0 10 2 19 3
0 10 3 19 12
0 10 4 19 15
0 10 5 10 -1
0 10 5 19 18
0 10 6 19 22
0 10 7 19 21
0 10 8 10 -1
0 10 8 19 24
0 10 9 10 -1
0 10 9 11 -1
0 10 9 19 22
0 10 10 11 1
0 10 10 19 18
0 10 11 10 -2
0 10 11 19 14
0 10 12 10 1
0 10 12 19 6
0 10 13 10 1
0 10 13 11 -1
0 10 13 19 8
0 10 14 10 1
0 10 14 19 4
0 10 15 10 2
0 10 16 19 2
0 10 17 11 1
0 10 17 19 2
0 10 18 19 1
0 11 0 19 2
0 11 1 19 5
0 11 3 19 4
0 11 4 19 7
0 11 5 19 7
0 11 6 19 8
0 11 7 19 8
0 11 8 19 7
0 11 9 11 -1
0 11 9 19 16
0 11 10 11 -1
0 11 10 12 -1
0 11 10 19 8
0 11 11 11 1
0 11 11 12 1
0 11 11 19 8
0 11 12 19 9
0 11 13 19 9
0 11 14 19 1
0 11 15 11 -1
0 11 15 19 1
0 11 16 11 2
0 11 17 19 1
0 12 0 19 1
0 12 1 19 1
0 12 3 19 2
0 12 5 19 2
0 12 6 19 3
0 12 7 19 3
0 12 8 19 5
0 12 9 19 5
0 12 10 19 3
0 12 11 19 3
0 12 12 19 3
0 12 13 12 -1
0 12 13 19 5
0 12 15 19 1
0 12 19 12 1
0 12 19 19 2
0 13 0 19 1
0 13 1 19 3
0 13 2 19 1
0 13 4 19 1
0 13 5 19 5
0 13 6 19 3
0 13 7 19 2
0 13 8 19 2
0 13 9 19 4
0 13 10 19 4
0 13 11 19 2
0 13 12 19 3
0 13 13 19 4
0 13 14 14 -1
0 13 14 19 2
0 13 16 19 2
0 13 17 14 1
0 14 1 19 1
0 14 2 19 1
0 14 4 19 2
0 14 5 19 4
0 14 6 19 3
0 14 7 19 2
0 14 8 19 3
0 14 9 19 3
0 14 10 14 -1
0 14 10 19 4
0 14 11 14 1
0 14 11 19 2
0 14 12 14 -2
0 14 12 19 2
0 14 13 14 -1
0 14 13 19 4
0 14 14 14 1
0 14 14 19 6
0 14 15 19 3
0 14 17 14 1
0 14 19 14 1
0 14 19 19 7
0 15 0 19 1
0 15 2 19 1
0 15 3 19 1
0 15 4 19 1
0 15 6 19 3
0 15 7 19 1
0 15 8 19 4
0 15 9 19 6
0 15 11 19 9
0 15 12 19 4
0 15 13 19 3
0 15 14 19 5
0 15 16 19 4
0 15 17 15 -2
0 15 17 19 4
0 15 18 19 2
0 15 19 15 2
0 15 19 19 7
0 16 1 19 1
0 16 4 19 2
0 16 5 19 3
0 16 6 19 2
0 16 7 19 2
0 16 8 19 2
0 16 9 19 4
0 16 10 19 2
0 16 11 19 2
0 16 12 19 6
0 16 13 19 2
0 16 14 19 2
0 16 15 19 3
0 16 16 19 1
0 16 17 16 -1
0 16 17 19 4
0 16 18 16 -1
0 16 18 19 1
0 16 19 16 2
0 16 19 19 11
0 17 5 19 1
0 17 7 19 2
0 17 9 19 1
0 17 10 19 1
0 17 14 19 3
0 17 16 19 2
0 17 17 19 5
0 17 18 19 2
0 17 19 19 22
0 18 7 19 1
0 18 9 19 1
0 18 12 19 1
0 18 19 19 11
0 19 17 19 1
0 19 19 19 431
