0 0 0 19 2
0 0 1 19 2
0 0 3 19 6
0 0 4 19 12
0 0 5 19 6
0 0 6 19 9
0 0 7 19 5
0 0 8 0 -1
0 0 8 19 7
0 0 10 0 -2
0 0 10 19 3
0 0 11 0 2
0 0 12 0 -1
0 0 12 19 1
0 0 14 0 2
0 0 19 19 1
0 1 0 19 16
0 1 1 19 43
0 1 2 19 45
0 1 3 19 71
0 1 4 19 72
0 1 5 19 67
0 1 6 1 -1
0 1 6 19 58
0 1 7 1 -1
0 1 7 19 60
0 1 8 1 -2
0 1 8 19 47
0 1 9 1 -3
0 1 9 19 50
0 1 10 1 -1
0 1 10 2 -1
0 1 10 19 27
0 1 11 1 -2
0 1 11 2 -3
0 1 11 3 -1
0 1 11 19 25
0 1 12 1 2
0 1 12 2 2
0 1 12 3 -3
0 1 12 19 13
0 1 13 3 2
0 1 13 19 5
0 1 14 1 1
0 1 14 2 -1
0 1 14 3 1
0 1 14 19 1
0 1 15 1 4
0 1 16 1 2
0 1 17 2 -1
0 1 17 3 1
0 1 19 1 1
0 1 19 2 4
0 2 0 19 154
0 2 1 19 262
0 2 2 19 400
0 2 3 2 -3
0 2 3 19 473
0 2 4 2 -2
0 2 4 19 479
0 2 5 2 -4
0 2 5 19 489
0 2 6 2 -5
0 2 6 19 527
0 2 7 2 -9
0 2 7 19 494
0 2 8 2 -20
0 2 8 19 436
0 2 9 2 -18
0 2 9 3 -1
0 2 9 19 368
0 2 10 2 -7
0 2 10 3 -2
0 2 10 19 271
0 2 11 2 -7
0 2 11 4 -1
0 2 11 19 170
0 2 12 2 -8
0 2 12 3 -14
0 2 12 5 -2
0 2 12 19 118
0 2 13 2 16
0 2 13 3 12
0 2 13 4 1
0 2 13 5 2
0 2 13 19 34
0 2 14 2 20
0 2 14 3 1
0 2 14 19 9
0 2 15 2 13
0 2 15 3 1
0 2 15 19 2
0 2 16 2 6
0 2 16 19 2
0 2 17 2 3
0 2 18 2 2
0 2 19 2 23
0 2 19 3 3
0 3 0 19 415
0 3 1 19 845
0 3 2 19 1227
0 3 3 3 -2
0 3 3 19 1494
0 3 4 19 1637
0 3 5 3 -4
0 3 5 19 1758
0 3 6 3 -16
0 3 6 19 1738
0 3 7 3 -13
0 3 7 19 1716
0 3 8 3 -22
0 3 8 19 1507
0 3 9 3 -39
0 3 9 19 1352
0 3 10 3 -46
0 3 10 19 1111
0 3 11 3 -36
0 3 11 4 -3
0 3 11 5 -2
0 3 11 19 701
0 3 12 3 4
0 3 12 4 -5
0 3 12 5 1
0 3 12 19 430
0 3 13 3 41
0 3 13 4 7
0 3 13 5 1
0 3 13 19 188
0 3 14 3 40
0 3 14 4 1
0 3 14 19 54
0 3 15 3 38
0 3 15 19 21
0 3 16 3 23
0 3 16 19 23
0 3 17 3 14
0 3 17 19 5
0 3 19 3 18
0 3 19 19 3
0 4 0 19 397
0 4 1 4 -1
0 4 1 19 663
0 4 2 4 1
0 4 2 19 1028
0 4 3 4 -1
0 4 3 19 1278
0 4 4 19 1472
0 4 5 4 -4
0 4 5 19 1579
0 4 6 4 -6
0 4 6 19 1636
0 4 7 4 -12
0 4 7 19 1602
0 4 8 4 -12
0 4 8 19 1482
0 4 9 4 -13
0 4 9 19 1294
0 4 10 4 -32
0 4 10 5 -1
0 4 10 19 1082
0 4 11 4 -26
0 4 11 5 -3
0 4 11 6 -1
0 4 11 19 839
0 4 12 4 6
0 4 12 5 1
0 4 12 19 547
0 4 13 4 23
0 4 13 5 1
0 4 13 19 241
0 4 14 4 34
0 4 14 5 1
0 4 14 6 1
0 4 14 19 127
0 4 15 4 25
0 4 15 5 1
0 4 15 19 53
0 4 16 4 10
0 4 16 19 17
0 4 17 4 2
0 4 17 19 7
0 4 18 4 2
0 4 18 19 5
0 4 19 4 4
0 4 19 19 14
0 5 0 19 84
0 5 1 19 155
0 5 2 19 210
0 5 3 5 -1
0 5 3 19 300
0 5 4 5 -2
0 5 4 19 361
0 5 5 19 372
0 5 6 19 375
0 5 7 5 -1
0 5 7 19 419
0 5 8 5 1
0 5 8 19 344
0 5 9 5 -8
0 5 9 19 322
0 5 10 5 -6
0 5 10 6 -3
0 5 10 19 302
0 5 11 5 -2
0 5 11 6 2
0 5 11 19 198
0 5 12 5 1
0 5 12 6 -1
0 5 12 7 -1
0 5 12 19 133
0 5 13 5 3
0 5 13 6 1
0 5 13 7 1
0 5 13 8 -1
0 5 13 19 76
0 5 14 5 3
0 5 14 8 1
0 5 14 19 40
0 5 15 5 2
0 5 15 6 1
0 5 15 19 14
0 5 16 5 7
0 5 16 19 7
0 5 17 5 1
0 5 17 19 3
0 5 18 5 1
0 5 19 5 1
0 5 19 19 20
0 6 0 19 19
0 6 1 19 34
0 6 2 19 46
0 6 3 19 55
0 6 4 6 -1
0 6 4 19 82
0 6 5 19 85
0 6 6 6 1
0 6 6 19 79
0 6 7 6 -3
0 6 7 19 70
0 6 8 6 -1
0 6 8 19 77
0 6 9 19 67
0 6 10 6 -4
0 6 10 19 58
0 6 11 19 42
0 6 12 6 1
0 6 12 7 -2
0 6 12 19 19
0 6 13 6 -1
0 6 13 7 1
0 6 13 19 11
0 6 14 6 1
0 6 14 19 11
0 6 15 6 1
0 6 15 19 3
0 6 16 6 2
0 6 16 19 1
0 6 17 6 1
0 6 17 7 1
0 6 17 19 1
0 6 19 6 3
0 6 19 19 23
0 7 0 19 13
0 7 1 19 27
0 7 2 19 23
0 7 3 19 33
0 7 4 19 39
0 7 5 7 -1
0 7 5 19 41
0 7 6 7 -1
0 7 6 19 41
0 7 7 19 35
0 7 8 7 -1
0 7 8 19 35
0 7 9 7 -4
0 7 9 19 40
0 7 10 7 -2
0 7 10 19 30
0 7 11 7 2
0 7 11 8 -1
0 7 11 19 19
0 7 12 7 -4
0 7 12 19 20
0 7 13 7 4
0 7 13 8 -1
0 7 13 19 10
0 7 14 7 2
0 7 14 19 9
0 7 15 8 1
0 7 15 19 3
0 7 16 7 2
0 7 16 8 1
0 7 16 19 1
0 7 17 7 1
0 7 17 8 -1
0 7 17 19 2
0 7 19 7 2
0 7 19 8 1
0 7 19 19 18
0 8 0 19 5
0 8 1 19 11
0 8 2 19 15
0 8 3 19 9
0 8 4 19 28
0 8 5 19 14
0 8 6 19 29
0 8 7 8 -1
0 8 7 19 33
0 8 8 8 -2
0 8 8 19 25
0 8 9 8 1
0 8 9 19 17
0 8 10 8 -2
0 8 10 9 -1
0 8 10 19 20
0 8 11 8 -1
0 8 11 9 1
0 8 11 19 18
0 8 12 8 -2
0 8 12 19 18
0 8 13 8 2
0 8 13 9 -1
0 8 13 19 7
0 8 14 19 12
0 8 15 8 -1
0 8 15 19 5
0 8 16 8 1
0 8 16 9 1
0 8 16 19 2
0 8 17 9 -1
0 8 17 19 5
0 8 18 19 1
0 8 19 8 5
0 8 19 9 1
0 8 19 19 13
0 9 0 19 1
0 9 1 19 2
0 9 2 19 10
0 9 3 19 14
0 9 4 19 13
0 9 5 19 19
0 9 6 9 -1
0 9 6 19 22
0 9 7 9 1
0 9 7 19 17
0 9 8 19 22
0 9 9 19 15
0 9 10 19 19
0 9 11 19 22
0 9 12 19 12
0 9 13 9 -1
0 9 13 19 8
0 9 14 19 7
0 9 15 9 -2
0 9 15 19 7
0 9 16 9 2
0 9 16 19 3
0 9 17 19 3
0 9 18 9 -1
0 9 18 19 1
0 9 19 9 2
0 9 19 19 13
0 10 0 19 2
0 10 1 19 3
0 10 2 19 4
0 10 3 19 4
0 10 4 19 14
0 10 5 19 16
0 10 6 19 13
0 10 7 19 10
0 10 8 10 -1
0 10 8 19 10
0 10 9 10 -1
0 10 9 19 22
0 10 10 19 15
0 10 11 10 -2
0 10 11 19 11
0 10 12 10 -1
0 10 12 11 -1
0 10 12 19 13
0 10 13 10 -1
0 10 13 11 1
0 10 13 19 12
0 10 14 10 -3
0 10 14 19 10
0 10 15 10 1
0 10 15 19 6
0 10 16 10 1
0 10 16 19 4
0 10 17 11 -1
0 10 17 19 8
0 10 18 10 2
0 10 18 11 1
0 10 18 19 4
0 10 19 10 5
0 10 19 19 21
0 11 0 19 2
0 11 1 19 5
0 11 2 19 4
0 11 3 19 5
0 11 4 19 9
0 11 5 19 15
0 11 6 19 6
0 11 7 19 19
0 11 8 19 12
0 11 9 19 17
0 11 10 19 11
0 11 11 19 12
0 11 12 11 -3
0 11 12 19 10
0 11 13 11 -1
0 11 13 12 -1
0 11 13 19 16
0 11 14 19 6
0 11 15 11 -1
0 11 15 12 1
0 11 15 19 7
0 11 16 19 11
0 11 17 11 1
0 11 17 19 3
0 11 18 11 -1
0 11 18 19 3
0 11 19 11 5
0 11 19 19 28
0 12 1 19 6
0 12 2 19 3
0 12 3 19 11
0 12 4 19 8
0 12 5 19 11
0 12 6 19 8
0 12 7 19 8
0 12 8 19 10
0 12 9 19 8
0 12 10 12 -1
0 12 10 19 18
0 12 11 12 -1
0 12 11 19 17
0 12 12 12 1
0 12 12 19 12
0 12 13 19 12
0 12 14 12 -2
0 12 14 19 9
0 12 15 19 9
0 12 16 19 12
0 12 17 12 -3
0 12 17 19 11
0 12 18 19 2
0 12 19 12 6
0 12 19 19 29
0 13 0 19 7
0 13 1 19 11
0 13 2 19 23
0 13 3 19 25
0 13 4 19 27
0 13 5 19 26
0 13 6 19 38
0 13 7 19 39
0 13 8 19 35
0 13 9 19 38
0 13 10 19 42
0 13 11 13 -2
0 13 11 19 35
0 13 12 13 -3
0 13 12 19 34
0 13 13 13 1
0 13 13 19 33
0 13 14 13 -1
0 13 14 19 30
0 13 15 13 -2
0 13 15 19 29
0 13 16 13 -1
0 13 16 19 26
0 13 17 19 20
0 13 18 19 13
0 13 19 13 8
0 13 19 19 76
0 14 0 19 12
0 14 1 19 21
0 14 2 19 28
0 14 3 19 38
0 14 4 19 47
0 14 5 19 44
0 14 6 19 57
0 14 7 19 55
0 14 8 19 82
0 14 9 19 84
0 14 10 19 79
0 14 11 19 98
0 14 12 19 73
0 14 13 19 72
0 14 14 19 81
0 14 15 19 66
0 14 16 19 58
0 14 17 14 -1
0 14 17 19 58
0 14 18 14 -1
0 14 18 19 20
0 14 19 14 2
0 14 19 19 197
0 15 1 19 1
0 15 2 19 1
0 15 3 19 1
0 15 4 19 2
0 15 5 19 8
0 15 6 19 7
0 15 7 19 6
0 15 8 19 3
0 15 9 19 7
0 15 10 19 7
0 15 11 19 10
0 15 12 19 7
0 15 13 19 9
0 15 14 19 11
0 15 15 19 11
0 15 16 19 4
0 15 17 19 2
0 15 18 19 4
0 15 19 19 52
0 16 19 19 31
0 17 19 19 33
0 18 19 19 53
0 19 5 19 1
0 19 6 19 2
0 19 10 19 1
0 19 11 19 2
0 19 13 19 2
0 19 15 19 3
0 19 16 19 2
0 19 17 19 4
0 19 18 19 2
0 19 19 19 4682
