9 9
0 0 0 9 82
0 0 1 0 -4
0 0 1 9 54
0 0 2 0 4
0 0 2 9 10
0 0 9 9 3
0 1 0 9 102
0 1 1 1 -2
0 1 1 9 115
0 1 2 1 -1
0 1 2 9 42
0 1 3 1 3
0 1 3 9 1
0 2 0 9 37
0 2 1 2 -1
0 2 1 9 66
0 2 2 9 48
0 2 3 2 1
0 2 3 9 16
0 2 4 9 2
0 2 5 9 1
0 3 0 9 21
0 3 1 3 -1
0 3 1 9 39
0 3 2 3 1
0 3 2 9 41
0 3 3 9 24
0 3 4 9 9
0 3 5 9 1
0 4 0 9 8
0 4 1 9 12
0 4 2 9 19
0 4 3 9 12
0 4 4 9 11
0 4 5 9 2
0 4 6 4 -1
0 4 6 9 2
0 4 8 4 1
0 5 0 9 4
0 5 1 9 5
0 5 2 9 8
0 5 3 9 6
0 5 4 9 13
0 5 5 9 6
0 5 6 9 5
0 5 7 9 2
0 5 9 9 3
0 6 0 9 1
0 6 2 9 4
0 6 3 9 2
0 6 4 9 4
0 6 5 9 3
0 6 6 9 1
0 6 8 9 1
0 6 9 9 4
0 7 2 9 1
0 7 4 9 2
0 7 5 9 1
0 7 9 9 1
0 8 5 9 1
0 8 9 9 5
0 9 9 9 2
