9 9
0 0 0 9 10
0 0 1 9 5
0 0 9 9 2
0 1 0 1 -1
0 1 0 9 48
0 1 1 1 -2
0 1 1 2 -1
0 1 1 9 49
0 1 2 1 3
0 1 2 2 1
0 1 2 9 1
0 1 9 9 1
0 2 0 2 -1
0 2 0 9 89
0 2 1 9 35
0 2 2 2 1
0 2 2 3 -1
0 2 2 9 2
0 2 3 3 1
0 3 0 9 64
0 3 1 3 -1
0 3 1 9 54
0 3 2 3 1
0 3 2 9 7
0 4 0 9 51
0 4 1 4 -4
0 4 1 9 52
0 4 2 4 4
0 4 2 9 8
0 5 0 9 36
0 5 1 5 -1
0 5 1 9 55
0 5 2 5 1
0 5 2 9 20
0 5 3 9 3
0 5 4 9 1
0 6 0 9 26
0 6 1 6 -1
0 6 1 9 38
0 6 2 9 35
0 6 3 6 1
0 6 3 9 15
0 7 0 9 22
0 7 1 9 28
0 7 2 9 36
0 7 3 7 -2
0 7 3 9 19
0 7 4 7 2
0 7 4 9 4
0 8 0 9 9
0 8 1 9 14
0 8 2 8 -1
0 8 2 9 27
0 8 3 8 1
0 8 3 9 22
0 8 4 9 16
0 8 5 9 4
0 8 6 9 5
0 8 7 9 1
0 9 0 9 1
0 9 1 9 1
0 9 2 9 1
0 9 3 9 5
0 9 4 9 3
0 9 5 9 5
0 9 6 9 2
0 9 7 9 4
0 9 8 9 1
0 9 9 9 8
