9 9
0 0 0 9 10
0 0 1 9 9
0 0 6 7 -1
0 0 6 9 1
0 0 9 7 1
0 0 9 9 1
0 1 0 9 47
0 1 1 1 -1
0 1 1 9 23
0 1 2 1 1
0 1 2 9 1
0 1 5 7 -1
0 1 5 9 1
0 1 6 7 -1
0 1 6 9 1
0 1 9 7 2
0 2 0 2 -2
0 2 0 9 87
0 2 1 2 1
0 2 1 9 32
0 2 2 2 1
0 2 2 9 6
0 3 0 9 58
0 3 1 3 -1
0 3 1 9 53
0 3 2 3 1
0 3 2 9 10
0 4 0 9 66
0 4 1 4 -2
0 4 1 9 46
0 4 2 4 2
0 4 2 9 13
0 5 0 5 -1
0 5 0 9 40
0 5 1 5 -4
0 5 1 9 45
0 5 2 5 5
0 5 2 9 19
0 5 3 9 4
0 5 4 9 1
0 6 0 9 28
0 6 1 6 -2
0 6 1 9 52
0 6 2 6 -1
0 6 2 9 29
0 6 3 9 17
0 6 4 6 3
0 7 0 9 20
0 7 1 9 30
0 7 2 7 -1
0 7 2 9 36
0 7 3 9 22
0 7 4 7 1
0 7 4 9 2
0 8 0 9 8
0 8 1 9 27
0 8 2 9 22
0 8 3 8 -1
0 8 3 9 29
0 8 4 9 13
0 8 5 9 8
0 8 6 8 1
0 8 6 9 1
0 9 3 9 3
0 9 4 9 3
0 9 5 9 3
0 9 6 9 4
0 9 7 9 5
0 9 9 9 6
