19 19
0 0 4 19 1
0 0 19 19 1
0 1 2 19 1
0 2 4 19 1
0 3 3 19 1
0 3 10 15 -1
0 3 10 19 1
0 3 15 14 -1
0 3 15 15 1
0 3 19 14 1
0 4 2 19 1
0 5 1 19 1
0 5 3 19 2
0 5 4 19 1
0 5 14 16 -1
0 5 14 19 1
0 5 16 15 -1
0 5 16 16 1
0 5 18 14 -1
0 5 18 15 1
0 5 19 14 1
0 6 1 19 1
0 6 2 19 1
0 6 3 19 1
0 6 4 19 1
0 6 5 19 2
0 6 6 19 1
0 7 0 19 1
0 7 1 19 1
0 7 2 19 2
0 7 4 19 1
0 7 5 19 1
0 7 6 19 1
0 7 9 16 -1
0 7 9 19 1
0 7 13 15 -1
0 7 13 16 1
0 7 19 15 1
0 8 1 19 1
0 8 2 19 1
0 8 3 19 2
0 8 4 19 1
0 8 6 19 1
0 8 7 19 1
0 8 12 16 -1
0 8 12 19 1
0 8 13 14 -1
0 8 13 16 1
0 8 14 16 -1
0 8 14 19 1
0 8 15 15 -1
0 8 15 16 1
0 8 18 14 -1
0 8 18 15 1
0 8 19 14 2
0 9 1 19 3
0 9 5 19 2
0 9 7 19 1
0 9 11 16 -1
0 9 11 19 1
0 9 12 15 -1
0 9 12 16 1
0 9 14 14 -1
0 9 14 15 1
0 9 14 16 -1
0 9 14 19 1
0 9 16 13 -1
0 9 16 16 1
0 9 18 13 -1
0 9 18 14 1
0 9 19 13 2
0 10 0 19 3
0 10 1 19 1
0 10 2 19 3
0 10 3 19 3
0 10 4 19 2
0 10 5 19 2
0 10 7 19 3
0 10 8 12 -1
0 10 8 19 3
0 10 11 15 -1
0 10 11 16 -1
0 10 11 19 2
0 10 12 15 -1
0 10 12 16 1
0 10 13 15 -1
0 10 13 17 -1
0 10 13 19 2
0 10 14 11 -1
0 10 14 12 1
0 10 14 15 -1
0 10 14 17 1
0 10 15 14 -1
0 10 15 15 1
0 10 17 12 -1
0 10 17 13 -1
0 10 17 15 2
0 10 19 11 1
0 10 19 12 1
0 10 19 13 1
0 10 19 14 1
0 10 19 15 1
0 11 1 19 5
0 11 2 19 1
0 11 3 19 3
0 11 4 19 2
0 11 5 19 5
0 11 6 19 3
0 11 7 19 1
0 11 8 19 1
0 11 9 13 -1
0 11 9 15 -1
0 11 9 19 2
0 11 10 11 -1
0 11 10 13 1
0 11 10 16 -1
0 11 10 19 1
0 11 11 11 1
0 11 11 16 -1
0 11 11 19 1
0 11 12 15 -1
0 11 12 16 1
0 11 14 14 -1
0 11 14 16 1
0 11 19 14 1
0 11 19 15 2
0 12 0 19 2
0 12 1 19 2
0 12 2 19 2
0 12 3 19 5
0 12 4 19 4
0 12 5 19 2
0 12 6 19 1
0 12 7 19 1
0 12 8 15 -1
0 12 8 19 5
0 12 9 12 -1
0 12 9 15 1
0 12 9 16 -1
0 12 9 19 2
0 12 10 15 -1
0 12 10 19 1
0 12 11 16 -1
0 12 11 19 2
0 12 12 12 -1
0 12 12 19 1
0 12 13 14 -1
0 12 13 15 1
0 12 13 16 -2
0 12 13 19 2
0 12 14 13 -1
0 12 14 16 1
0 12 15 14 -1
0 12 15 15 -1
0 12 15 16 2
0 12 16 15 -1
0 12 16 16 1
0 12 17 12 2
0 12 17 13 -2
0 12 17 14 1
0 12 17 15 1
0 12 19 13 3
0 12 19 14 1
0 12 19 15 1
0 13 0 19 2
0 13 1 19 1
0 13 2 19 6
0 13 3 19 7
0 13 4 19 9
0 13 5 19 11
0 13 6 19 7
0 13 7 19 7
0 13 8 13 -1
0 13 8 14 -1
0 13 8 19 5
0 13 9 14 -2
0 13 9 16 -1
0 13 9 19 3
0 13 10 14 -1
0 13 10 16 -1
0 13 10 19 4
0 13 11 13 -2
0 13 11 14 2
0 13 11 15 -3
0 13 11 16 1
0 13 11 19 2
0 13 12 13 -1
0 13 12 15 1
0 13 13 13 -1
0 13 13 15 1
0 13 14 13 -1
0 13 14 14 -1
0 13 14 15 1
0 13 14 19 1
0 13 15 13 1
0 13 15 15 -1
0 13 15 16 1
0 13 16 13 1
0 13 16 14 -1
0 13 16 15 1
0 13 18 13 1
0 13 19 13 3
0 13 19 14 4
0 14 0 19 2
0 14 1 19 1
0 14 2 19 5
0 14 3 19 6
0 14 4 19 6
0 14 5 19 8
0 14 6 19 9
0 14 7 14 -1
0 14 7 19 6
0 14 8 19 8
0 14 9 14 1
0 14 9 19 1
0 14 10 14 -2
0 14 10 16 -1
0 14 10 19 3
0 14 11 15 -1
0 14 11 19 1
0 14 12 16 1
0 14 13 14 1
0 14 13 17 -1
0 14 13 19 1
0 14 14 15 1
0 14 14 16 -1
0 14 14 17 -2
0 14 14 19 3
0 14 15 15 -1
0 14 15 16 1
0 14 15 17 1
0 14 17 17 1
0 14 19 14 1
0 14 19 15 1
0 14 19 17 1
0 15 0 19 1
0 15 1 19 1
0 15 2 19 2
0 15 3 19 3
0 15 4 19 3
0 15 5 19 9
0 15 6 19 11
0 15 7 19 10
0 15 8 15 -1
0 15 8 19 9
0 15 9 19 1
0 15 10 16 -2
0 15 10 19 3
0 15 11 15 1
0 15 11 16 -1
0 15 11 19 2
0 15 12 15 -1
0 15 12 19 1
0 15 13 16 2
0 15 17 15 1
0 15 19 16 1
0 16 1 19 2
0 16 2 19 1
0 16 3 19 5
0 16 4 19 3
0 16 5 19 2
0 16 6 19 6
0 16 7 19 12
0 16 8 19 5
0 16 9 19 9
0 16 10 16 -1
0 16 10 19 5
0 16 11 16 1
0 16 11 19 1
0 16 14 17 -1
0 16 14 19 1
0 16 18 16 -1
0 16 18 17 1
0 16 19 16 1
0 17 3 19 1
0 17 4 19 1
0 17 6 19 5
0 17 7 19 7
0 17 8 19 7
0 17 9 19 11
0 17 10 19 6
0 17 11 19 3
0 17 12 19 1
0 17 16 18 -1
0 17 16 19 1
0 17 19 18 1
0 18 8 19 4
0 18 9 19 5
0 18 10 19 10
0 18 11 19 3
0 18 12 19 3
0 18 13 19 1
0 18 19 19 1
0 19 11 19 2
0 19 12 19 7
0 19 13 19 3
0 19 14 19 2
0 19 15 19 2
0 19 16 19 2
0 19 17 19 2
0 19 19 19 50
