49 49
0 0 49 49 2
0 1 9 49 1
0 1 14 49 1
0 1 27 3 -1
0 1 27 49 2
0 1 31 3 1
0 2 2 49 1
0 3 23 3 -1
0 3 23 49 1
0 3 27 3 1
0 3 49 49 1
0 4 1 49 1
0 4 7 49 1
0 4 9 49 1
0 4 11 49 1
0 4 13 5 -1
0 4 13 6 -1
0 4 13 49 2
0 4 15 5 -2
0 4 15 6 1
0 4 15 49 1
0 4 16 49 1
0 4 18 4 -1
0 4 18 5 1
0 4 19 49 1
0 4 21 4 1
0 4 24 5 1
0 4 40 4 -1
0 4 40 5 1
0 4 44 4 1
0 5 6 49 1
0 5 10 49 1
0 5 11 6 -1
0 5 11 49 2
0 5 12 49 1
0 5 13 6 1
0 6 1 49 1
0 6 4 49 1
0 6 7 49 4
0 6 8 49 1
0 6 9 49 3
0 6 10 49 1
0 6 12 49 2
0 6 13 49 1
0 6 15 49 1
0 6 30 7 -1
0 6 30 49 1
0 6 32 7 1
0 7 1 49 1
0 7 3 49 1
0 7 4 49 3
0 7 7 49 1
0 7 13 9 -1
0 7 13 49 1
0 7 16 9 1
0 7 18 8 -1
0 7 18 49 1
0 7 25 7 -1
0 7 25 8 1
0 7 35 7 1
0 8 2 49 1
0 8 4 49 1
0 8 5 49 2
0 8 6 8 -1
0 8 6 49 3
0 8 8 49 2
0 8 9 49 1
0 8 10 8 -2
0 8 10 49 5
0 8 11 49 2
0 8 12 8 1
0 8 15 8 2
0 9 0 49 1
0 9 2 49 2
0 9 4 49 1
0 9 6 9 -1
0 9 6 49 3
0 9 7 9 1
0 9 7 49 2
0 9 8 49 2
0 9 10 49 1
0 9 12 49 1
0 10 1 49 1
0 10 2 49 1
0 10 3 49 1
0 10 4 49 3
0 10 5 49 2
0 10 6 49 2
0 10 7 49 2
0 10 12 11 -1
0 10 12 49 1
0 10 13 11 1
0 10 16 49 1
0 11 1 49 1
0 11 5 49 1
0 11 6 49 2
0 11 7 49 1
0 11 10 49 1
0 11 12 15 -1
0 11 12 49 2
0 11 14 15 1
0 12 0 49 2
0 12 3 49 1
0 12 5 49 1
0 12 6 49 2
0 12 7 49 3
0 12 8 12 -1
0 12 8 49 2
0 12 11 12 1
0 12 11 15 -1
0 12 11 49 1
0 12 13 13 -1
0 12 13 15 1
0 12 14 12 -1
0 12 14 13 1
0 12 15 12 1
0 12 16 12 -1
0 12 16 49 1
0 12 23 12 1
0 12 26 49 1
0 12 27 49 1
0 13 1 49 1
0 13 2 49 1
0 13 3 49 2
0 13 5 49 2
0 13 7 13 -1
0 13 7 49 2
0 13 8 13 1
0 13 8 49 1
0 13 10 13 -1
0 13 10 49 1
0 13 12 13 -1
0 13 12 49 1
0 13 13 49 1
0 13 15 49 1
0 13 16 13 1
0 13 18 13 1
0 13 49 49 1
0 14 2 49 2
0 14 4 49 2
0 14 5 49 2
0 14 6 49 1
0 14 7 49 3
0 14 8 49 2
0 14 10 49 1
0 14 11 49 1
0 14 12 49 1
0 14 16 49 1
0 14 18 14 -1
0 14 18 17 -1
0 14 18 49 2
0 14 19 17 1
0 14 19 49 1
0 14 33 49 1
0 14 34 14 1
0 14 49 49 1
0 15 2 49 2
0 15 3 49 1
0 15 5 49 2
0 15 7 49 1
0 15 8 15 -2
0 15 8 49 3
0 15 9 49 1
0 15 10 15 1
0 15 10 49 1
0 15 15 15 1
0 15 15 49 1
0 15 16 15 -1
0 15 16 49 1
0 15 20 15 1
0 15 22 49 1
0 15 49 49 1
0 16 0 49 1
0 16 1 49 1
0 16 2 49 2
0 16 3 49 2
0 16 4 49 2
0 16 5 49 3
0 16 6 49 1
0 16 7 49 1
0 16 8 49 1
0 16 9 49 3
0 16 10 17 -1
0 16 10 49 2
0 16 11 17 1
0 16 11 49 2
0 16 12 49 1
0 16 13 49 1
0 16 14 49 1
0 17 1 49 1
0 17 2 49 1
0 17 3 49 3
0 17 4 49 1
0 17 6 49 3
0 17 7 17 -1
0 17 7 49 2
0 17 10 49 3
0 17 11 17 1
0 17 13 49 1
0 17 14 49 1
0 17 16 49 1
0 17 19 49 1
0 17 24 49 1
0 17 27 49 1
0 17 46 49 1
0 18 1 49 2
0 18 3 49 2
0 18 4 49 3
0 18 5 49 2
0 18 6 49 1
0 18 7 49 1
0 18 8 49 3
0 18 9 49 1
0 18 11 49 1
0 18 12 49 2
0 18 13 18 -1
0 18 13 49 1
0 18 14 18 1
0 18 14 49 1
0 18 15 49 1
0 18 22 19 -1
0 18 22 49 1
0 18 24 19 1
0 19 2 49 1
0 19 8 49 1
0 19 9 49 1
0 19 10 19 -1
0 19 10 49 1
0 19 11 19 -1
0 19 11 49 1
0 19 12 19 -1
0 19 12 49 1
0 19 13 19 1
0 19 15 19 1
0 19 15 49 1
0 19 20 25 -1
0 19 20 49 1
0 19 22 19 1
0 19 22 23 -1
0 19 22 25 1
0 19 23 22 -1
0 19 23 23 1
0 19 28 49 1
0 19 30 21 -1
0 19 30 22 1
0 19 34 19 -1
0 19 34 21 1
0 19 35 19 1
0 20 4 49 1
0 20 5 49 1
0 20 7 49 1
0 20 9 49 1
0 20 10 20 -2
0 20 10 49 6
0 20 11 22 -1
0 20 11 49 1
0 20 12 20 1
0 20 12 22 1
0 20 13 20 -1
0 20 13 49 1
0 20 15 21 -1
0 20 15 49 2
0 20 17 20 1
0 20 17 21 1
0 20 19 20 1
0 20 19 23 -1
0 20 19 49 1
0 20 20 49 1
0 20 23 21 -1
0 20 23 23 1
0 20 32 21 1
0 21 2 49 2
0 21 3 49 3
0 21 4 49 1
0 21 5 21 -1
0 21 5 49 1
0 21 6 49 1
0 21 7 21 1
0 21 7 49 1
0 21 8 49 1
0 21 9 21 -1
0 21 9 49 3
0 21 10 21 1
0 21 10 49 1
0 21 14 49 2
0 21 15 49 1
0 21 16 49 1
0 21 20 49 1
0 22 2 49 1
0 22 3 49 1
0 22 4 49 2
0 22 5 49 1
0 22 6 49 1
0 22 7 49 2
0 22 8 49 1
0 22 9 49 1
0 22 10 22 -2
0 22 10 49 4
0 22 11 49 1
0 22 12 22 1
0 22 13 25 -1
0 22 13 49 2
0 22 14 25 1
0 22 14 49 1
0 22 15 49 1
0 22 17 49 3
0 22 19 49 1
0 22 20 22 1
0 22 20 23 -1
0 22 20 49 1
0 22 29 23 1
0 23 2 49 1
0 23 5 23 -1
0 23 5 49 1
0 23 6 23 1
0 23 6 49 2
0 23 7 49 1
0 23 8 24 -1
0 23 8 26 -1
0 23 8 49 2
0 23 9 24 -1
0 23 9 26 1
0 23 10 23 -1
0 23 10 24 1
0 23 11 23 1
0 23 11 24 1
0 23 11 49 1
0 23 12 24 -1
0 23 12 49 2
0 23 13 23 -1
0 23 13 49 2
0 23 14 49 1
0 23 17 23 -1
0 23 17 24 1
0 23 19 23 1
0 23 23 23 1
0 24 2 49 4
0 24 3 49 3
0 24 4 49 3
0 24 6 49 3
0 24 7 49 3
0 24 8 49 2
0 24 10 49 1
0 24 11 24 -1
0 24 11 49 1
0 24 12 25 -1
0 24 12 49 1
0 24 13 25 1
0 24 13 49 1
0 24 14 24 1
0 24 14 49 1
0 24 19 49 1
0 24 20 49 1
0 25 1 49 3
0 25 2 49 3
0 25 3 49 2
0 25 4 49 2
0 25 5 49 3
0 25 6 49 6
0 25 7 25 -1
0 25 7 49 2
0 25 8 25 1
0 25 8 49 1
0 25 11 49 1
0 25 13 49 1
0 25 16 49 1
0 25 22 49 1
0 26 0 49 1
0 26 3 49 1
0 26 4 49 2
0 26 5 49 3
0 26 6 49 3
0 26 7 49 4
0 26 8 49 1
0 26 9 49 2
0 26 13 26 -1
0 26 13 27 -1
0 26 13 49 2
0 26 15 26 1
0 26 16 26 -1
0 26 16 49 2
0 26 18 26 1
0 26 19 27 1
0 26 19 49 1
0 26 20 31 -1
0 26 20 49 2
0 26 23 31 1
0 27 0 49 2
0 27 1 49 1
0 27 2 49 1
0 27 3 49 1
0 27 4 49 1
0 27 5 49 1
0 27 6 49 1
0 27 7 49 3
0 27 8 49 1
0 27 10 49 1
0 27 11 49 1
0 27 13 49 2
0 27 25 49 1
0 28 1 49 2
0 28 2 49 1
0 28 4 49 2
0 28 5 49 2
0 28 6 49 1
0 28 7 49 2
0 28 8 49 1
0 28 9 29 -1
0 28 9 49 1
0 28 10 28 -1
0 28 10 29 1
0 28 10 49 1
0 28 11 28 1
0 28 11 49 1
0 28 12 49 1
0 28 13 49 2
0 28 16 49 1
0 29 2 49 1
0 29 3 49 2
0 29 6 49 2
0 29 7 49 2
0 29 9 49 2
0 29 10 49 1
0 29 11 49 1
0 29 20 49 1
0 29 26 49 1
0 30 0 49 1
0 30 2 49 2
0 30 6 49 1
0 30 7 49 1
0 30 9 49 1
0 30 10 49 2
0 30 11 49 1
0 30 13 49 2
0 30 15 49 1
0 30 22 49 1
0 30 23 49 1
0 30 25 49 1
0 31 4 49 1
0 31 7 49 1
0 31 9 49 1
0 31 10 49 1
0 31 13 49 2
0 31 16 49 1
0 31 36 31 -1
0 31 36 49 1
0 31 40 31 1
0 31 49 49 1
0 32 5 49 1
0 32 7 49 1
0 32 9 49 2
0 32 11 49 1
0 32 12 49 1
0 32 15 49 1
0 32 25 49 1
0 33 3 49 1
0 33 4 49 1
0 33 9 49 1
0 33 10 49 1
0 33 12 49 2
0 33 13 49 1
0 33 14 49 1
0 33 15 49 1
0 34 9 49 2
0 34 24 49 1
0 35 1 49 1
0 35 7 35 -1
0 35 7 49 2
0 35 9 35 1
0 35 9 49 2
0 35 11 49 1
0 35 13 49 1
0 35 22 49 2
0 36 4 49 1
0 36 6 49 1
0 36 8 49 1
0 36 13 49 1
0 36 16 49 1
0 37 7 49 1
0 37 15 49 1
0 37 21 49 1
0 39 18 49 1
0 40 35 49 1
0 41 30 49 1
0 49 49 49 1
