7.637704287428205285e-01 4.881770101506113790e-01
7.991642484493872711e-01 4.928325582143726624e-01
3.814582011772694181e-01 7.867418977961914139e-01
7.555829519208632217e-01 8.436414957028226524e-01
8.248033324909269659e-01 5.891946001496959351e-01
4.646896483994413241e-01 8.027188877350921459e-01
8.791253884395062723e-01 8.153530508666114729e-01
8.170988968100697525e-01 5.779181416523412329e-01
3.840234289491344377e-01 7.414326575415698395e-01
4.073450527498926887e-01 8.079147600595958378e-01
7.334935926979946341e-01 7.590983389415725258e-01
7.848065771520598144e-01 4.991237371774530640e-01
4.404624696730080058e-01 7.916559674518154344e-01
8.476946010553887412e-01 4.521975176341581082e-01
8.232738992410199019e-01 4.365879654067827964e-01
4.340771050386810770e-01 7.586659932181423205e-01
7.784634361548200543e-01 8.317029903774585398e-01
3.326814044456662955e-01 3.826445448307795871e-01
8.156456235855351622e-01 8.399736854707219313e-01
4.392684265043116931e-01 7.905613153422941242e-01
3.561633598670830847e-01 8.319902214704273380e-01
3.658819487949339644e-01 3.558170154242010774e-01
7.881521748453922394e-01 7.721119042613511230e-01
4.990633664579940953e-01 4.140937358619234399e-01
4.612716345080423164e-01 7.762559278513847527e-01
7.813025470469751044e-01 7.681302930683980845e-01
3.921301888608665354e-01 4.334611480852246235e-01
8.428250526335592241e-01 4.437886220122457259e-01
4.676943086095261548e-01 3.554875138458490902e-01
4.022822865338440135e-01 7.828093298101715947e-01
4.373860025218755387e-01 3.861559251109903945e-01
4.451349332615966992e-01 4.072333325317355479e-01
7.837327606637498612e-01 4.830777503833831865e-01
4.247467875610752563e-01 3.964805228663890180e-01
7.755438894496766711e-01 8.140903092046177791e-01
3.446453488072935278e-01 8.850128861126247415e-01
3.630477066028411914e-01 8.477347404427482136e-01
4.397473512532379392e-01 7.566949528994506569e-01
3.889742153133024516e-01 8.253005785243405779e-01
7.325088384892464166e-01 7.639841738622701328e-01
4.359339607357534119e-01 7.992145511675119440e-01
4.045968871925847976e-01 8.084948114949590536e-01
4.053806849930337575e-01 8.747826207957941635e-01
3.947718144564736353e-01 4.320834645451743228e-01
3.860220816934228916e-01 3.506745270989874430e-01
4.551367821938895331e-01 7.228081862078884479e-01
4.015018994604230285e-01 4.014371220566343434e-01
4.170028958594808599e-01 4.132901258148934387e-01
8.313556880200428933e-01 7.659737466657665639e-01
7.954599156312056607e-01 4.171433328467068491e-01
3.886701483629755316e-01 8.019790617192268378e-01
3.727540628373071652e-01 3.213594111557345201e-01
4.405031734966033952e-01 8.143516330743015841e-01
8.726341116817470933e-01 8.135301172815996296e-01
3.561151246580073204e-01 3.788721572340907340e-01
9.081985371418350717e-01 5.036021623301457639e-01
7.689434699046338029e-01 4.807022685152879671e-01
3.839529272967827089e-01 8.358041750888361987e-01
8.013698605177402845e-01 8.798263924872868902e-01
7.813106723289788835e-01 5.118145266580866881e-01
8.089678898749221858e-01 7.754422066741415431e-01
8.140556645629729582e-01 7.746998059704254258e-01
4.026988400220267161e-01 3.707094120092306322e-01
7.962370453366605094e-01 5.064741644619036309e-01
7.694167899896707796e-01 8.047591478870658177e-01
4.093549436227706395e-01 7.879813877282469958e-01
4.026013957458320913e-01 8.236065268204928458e-01
7.897668679199414399e-01 7.858289721029754205e-01
8.538971647750791538e-01 5.560064319963494706e-01
8.067541128049657839e-01 5.324887235480403325e-01
4.121160813864233052e-01 4.340154748373187821e-01
7.666910623708651507e-01 8.117679204779011393e-01
4.578373144685255469e-01 8.004983991182363923e-01
3.729239621950933836e-01 3.549954163717128908e-01
8.667891594226754259e-01 8.778121187574072781e-01
7.956026705190321069e-01 5.384741331502428396e-01
4.163223266291337099e-01 4.692959402049656226e-01
4.381879438900370127e-01 4.209299065004181717e-01
3.688504030177225945e-01 4.071764285742873746e-01
3.841896219538720181e-01 7.600770084719783437e-01
5.110853871429872353e-01 7.969893698252861203e-01
3.606803338632587064e-01 4.021773095546063437e-01
8.029528850565081921e-01 5.042459667544370028e-01
7.598410595346984930e-01 8.266395776130674999e-01
4.144255193506307666e-01 7.394038280320548440e-01
4.289336643499143120e-01 4.018454226892065884e-01
3.401659054183995279e-01 7.721841236497407612e-01
7.682635162979418730e-01 4.860009385965092799e-01
7.993959133949510854e-01 4.563131353701745940e-01
7.890411166173904034e-01 7.626782730966781276e-01
3.763846645458319151e-01 7.459984110390780465e-01
8.410433604618858805e-01 7.521247410685865109e-01
3.688631271826584568e-01 7.964046235199594426e-01
3.746456742598628931e-01 7.851759124013082403e-01
7.960884189122254817e-01 5.402459992612478334e-01
7.796177528027231629e-01 5.037908289489803071e-01
7.580205227517915478e-01 4.972181472176926964e-01
8.229845027083377840e-01 4.978807162381801432e-01
3.048089890405196734e-01 3.756926523403556484e-01
4.549837292949111545e-01 3.819582836235224654e-01
4.097069279123839447e-01 8.169139386678681003e-01
8.158243092909160943e-01 7.461206015936782121e-01
4.491685358045479637e-01 8.639951005660443384e-01
7.931232938174453961e-01 5.190118953487754538e-01
4.318093579717213193e-01 4.007635984763197601e-01
8.554882654223676663e-01 7.368070420494783335e-01
3.739509666668080490e-01 4.216980523361332223e-01
8.309144425724704908e-01 8.637296287101319248e-01
8.568000609743972040e-01 8.621789350583990430e-01
3.528417591811715548e-01 8.462422425147707594e-01
4.874339260320663669e-01 8.033613357079903983e-01
3.119174168569234795e-01 9.114721436970496526e-01
4.285234719923235458e-01 8.020948240933734041e-01
4.846294336308721862e-01 7.903496530443123724e-01
7.744029446096367675e-01 7.922267755970427983e-01
3.952235423410290771e-01 7.582070518447199259e-01
7.789058157884461986e-01 7.688431102127097905e-01
4.203911541815346653e-01 4.120178217179291114e-01
7.897384847478294834e-01 5.066144180308497225e-01
4.245413051245062741e-01 3.915937374816241268e-01
8.806538636293407274e-01 8.186480111023888284e-01
4.132900013043985799e-01 3.541009346821808457e-01
4.262985663778523504e-01 7.986413885950284230e-01
7.632903582083836458e-01 5.236035530659925996e-01
3.889276336726130712e-01 8.453537329239800835e-01
7.867155637414176006e-01 5.440985234701930517e-01
3.866184258244205751e-01 8.131175645268670094e-01
8.415801543614861435e-01 7.657628207378750496e-01
7.864228225691171081e-01 5.260850229883786700e-01
3.699251696824170654e-01 7.954501967825540198e-01
7.873480085775375059e-01 4.082834778940590548e-01
7.905709998921738313e-01 5.170353286631725886e-01
4.416362546718005655e-01 3.836539875095028584e-01
3.774049881274841867e-01 3.382828379762932713e-01
4.305642266033916643e-01 7.868173384440196871e-01
8.169950672854631168e-01 7.323130745293107147e-01
8.403195457945293878e-01 5.248888735742018863e-01
7.586474070903892475e-01 8.606154692327582234e-01
8.536704028308137460e-01 5.310187150452664318e-01
7.792329426956589034e-01 7.579244969761558259e-01
8.651077682390073686e-01 8.208732917935813722e-01
7.817990593997390381e-01 4.908124125252684156e-01
8.405420025770481418e-01 5.183832711748607158e-01
7.639687621966245734e-01 8.224734477804717114e-01
3.433508987905670717e-01 4.351959598307285071e-01
8.285590068915714701e-01 7.897758253722109156e-01
4.118856484112005667e-01 3.615289279559101843e-01
4.426279907784183565e-01 7.250504625012919035e-01
3.883561680629509238e-01 3.643609707122802410e-01
7.543690730185422799e-01 8.446114092300104348e-01
8.090155340875399004e-01 5.124679034440347003e-01
4.200724101401454580e-01 7.307864823853242875e-01
3.796647908646937908e-01 8.402392796923162654e-01
7.399093020482208072e-01 4.865161940583885847e-01
4.348336711573245195e-01 3.929915789260499115e-01
8.639169161003930064e-01 8.081891399812550780e-01
3.895475183062306335e-01 8.350696992859014678e-01
7.718519067241075282e-01 4.545983993987365301e-01
8.277393447251304437e-01 5.619073959935346751e-01
4.787487755464386874e-01 8.669162571411714868e-01
8.408415149459668170e-01 4.254467675249346548e-01
8.052192115907986780e-01 7.791727356019221284e-01
7.778650858199158691e-01 5.213494041655968303e-01
4.508727446930362315e-01 3.740942186810207182e-01
3.839842805647511459e-01 8.259725791882243096e-01
4.269520596600374085e-01 4.410581987548981564e-01
8.323641462992039664e-01 4.468150973854188579e-01
8.402898845647097659e-01 4.566798942791238658e-01
3.702308119703985323e-01 7.863497602177180745e-01
7.623559426316145471e-01 7.910072644329131375e-01
3.899120997005106615e-01 7.487166868698142963e-01
8.327159415754110672e-01 7.612057732127123222e-01
3.917058424842048137e-01 8.443669830019038258e-01
7.752405767285518445e-01 7.358194604699324071e-01
8.038209918003653698e-01 7.913385850362798513e-01
8.343496422668066348e-01 7.555955801619305134e-01
8.120239979956160870e-01 5.278037048772152851e-01
7.846085344442255138e-01 5.300853744415604529e-01
4.972489600743217886e-01 7.813900506921660494e-01
8.152912417573791037e-01 5.161877351508665779e-01
3.931554002033945672e-01 8.073713903050458995e-01
8.050859479328829060e-01 5.635714314282157522e-01
7.462124931954400298e-01 8.652935030506783143e-01
4.353755126980154433e-01 8.512946947392738828e-01
3.801672592025418518e-01 3.931414156152525652e-01
8.063548257060622060e-01 5.313190224802355477e-01
8.243534887722060445e-01 5.039015598207982061e-01
8.115498565949191834e-01 5.112299001276519039e-01
7.687765966865532929e-01 8.534478939487460947e-01
3.622252560235874608e-01 4.112345870167248840e-01
3.740917293151260203e-01 4.239430069586951344e-01
7.815621171166524661e-01 8.907828800045840545e-01
8.443752481038550028e-01 8.055406484341928186e-01
3.629167122163168835e-01 8.137496580097762777e-01
3.914853638569829042e-01 7.830993031016081352e-01
3.517039815667296621e-01 3.532683887160180669e-01
8.477806503855386255e-01 4.800511710058980031e-01
3.557766382472239974e-01 4.335134541568053113e-01
7.980229664515887666e-01 7.756132710595695645e-01
3.603634711674104651e-01 8.766100629107074216e-01
8.088043070170941595e-01 8.625850411571460707e-01
4.812871730222580413e-01 4.170338685221097741e-01
4.022071028161608441e-01 7.423894049190042921e-01
7.956280247260915095e-01 7.697445510920171152e-01
4.287309755582686122e-01 4.206623852978995659e-01
4.560510757509268487e-01 4.622375166044470629e-01
7.952780536420878121e-01 4.025316323748056035e-01
7.661276547735375031e-01 4.982421866222140339e-01
4.465675024263458526e-01 4.097064063426864022e-01
3.417786269121774190e-01 4.222474089180169310e-01
8.157024244583979122e-01 5.057537266799418951e-01
7.755771610650133985e-01 4.618537018656436732e-01
8.234733038369161928e-01 4.817072832951420081e-01
3.941901305191231608e-01 8.203229320025536841e-01
4.063957174029051433e-01 3.516420736348431775e-01
4.835148347313247830e-01 4.365936383120273545e-01
8.554810304996078862e-01 7.565225549222719392e-01
7.739263909197012792e-01 5.213461125725113998e-01
3.569883963878505151e-01 4.808962026636904308e-01
3.810934873785714605e-01 8.038507177571579954e-01
4.551968038819916296e-01 3.978176517818839408e-01
3.734779996759060028e-01 7.961461905019886487e-01
8.214147006401310014e-01 7.760208780393017536e-01
7.687738269799044843e-01 4.951850984026124891e-01
8.245388125602153284e-01 8.000386110156983976e-01
4.631549698829541817e-01 3.917127329125518753e-01
3.637824745306215135e-01 4.172108532503384093e-01
3.838852087580642003e-01 8.183162486642948652e-01
7.686255125957874856e-01 8.142607167164201964e-01
7.975117562881244293e-01 8.589714131157982768e-01
3.968008204350522150e-01 4.259916134441742996e-01
8.843003373361006947e-01 7.965487995598764526e-01
8.063779006375415559e-01 7.937570662122248599e-01
7.540140461989117693e-01 5.072542851615452486e-01
7.609699697845319077e-01 5.517006853403128019e-01
3.922170402708425319e-01 7.767761931364445260e-01
4.654299016720611637e-01 3.455613763265402705e-01
8.017648267682693231e-01 4.606811611793090733e-01
3.757245086761039632e-01 4.618791731606290973e-01
7.695983734575866375e-01 8.058372027111286862e-01
8.330825339949734509e-01 8.190098323677813541e-01
7.902454087575619956e-01 5.638837588503283760e-01
4.552387251934494894e-01 7.211298769439081768e-01
8.181729144352359873e-01 4.834210493095725814e-01
8.480203519568109138e-01 5.188664329621642812e-01
3.601636427557254327e-01 4.277439403316524724e-01
8.045733079063884796e-01 8.642344327504073442e-01
8.136305148055834602e-01 5.325640349991159761e-01
3.537273495632343168e-01 4.140398861233012817e-01
8.249993794477482600e-01 8.623044446154577436e-01
4.245896251829558987e-01 3.949372562130297193e-01
3.509123940842189260e-01 8.309599703478538490e-01
4.088900698607453310e-01 8.421440161562561144e-01
3.832679391989236017e-01 3.366169105955150731e-01
8.011728064708594221e-01 8.164445656595330503e-01
8.508462264042987444e-01 8.183647683215354851e-01
8.112882665004070848e-01 5.213426917272788730e-01
8.456391649963485024e-01 7.448120849480276418e-01
8.433346112440409659e-01 5.309596273317902515e-01
4.314640913101663311e-01 3.263649653280578655e-01
7.439561140998376398e-01 7.467542961268630597e-01
7.979300110926437206e-01 7.693338288167750338e-01
8.049614375138302025e-01 7.846708013957659489e-01
7.973149178643021973e-01 8.448389553908788319e-01
4.766913941175692226e-01 7.727953503776389121e-01
8.193263748792788403e-01 8.132202395798354688e-01
7.710767406990148842e-01 4.615354424834634539e-01
8.698569911778550878e-01 4.659335710232835326e-01
8.251668839244433729e-01 5.302056615053420963e-01
4.889344086764467745e-01 4.157718085885757087e-01
4.020224682857175824e-01 4.199980533295131768e-01
8.038913941572533028e-01 8.503664782572680769e-01
8.977929234493043920e-01 7.786458276056772432e-01
8.515991487866081400e-01 4.781526004753662296e-01
3.878814413148611306e-01 4.480801035924815157e-01
4.019202498876275897e-01 3.056770546795377630e-01
3.477384531070526474e-01 7.875651633762523751e-01
3.501515165257891860e-01 8.597822800401351273e-01
3.845508543560708370e-01 7.930912054905528974e-01
3.542480571261510391e-01 4.203967913188086936e-01
3.461015881963414031e-01 3.996255959748036823e-01
8.099917307302031411e-01 8.339852220214062362e-01
7.258826178093735759e-01 5.318809253508162138e-01
7.358634775185393107e-01 7.458658798773010190e-01
4.295298844519018777e-01 4.260301292408834595e-01
4.083725395389847246e-01 3.850222033397489585e-01
7.307910921938536308e-01 5.258166290583971003e-01
7.982991014466210844e-01 5.118521993161223582e-01
4.032505508380003767e-01 3.903790329023849037e-01
7.843279916610848002e-01 8.388208275268678182e-01
7.975990287284707714e-01 8.143032096110769391e-01
3.889518658293985021e-01 4.318604759489972356e-01
4.881425607492086982e-01 8.431053732091845498e-01
4.015454085191726974e-01 3.807660342979768409e-01
7.967704154579984266e-01 5.775148561214612508e-01
3.806848525569285213e-01 7.605832615579795064e-01
3.923999266208536563e-01 8.698177802567169659e-01
4.019441202675754776e-01 4.075458481294072510e-01
4.012026832695509970e-01 3.865528064145884457e-01
4.063387814788639862e-01 4.796033206533011350e-01
